[14 44 67 10 83 71 90 90 61 80  3 89 90 57 12 71 78 88 54 74 92  9 26 85 35
 63 86 41 17 46 51 60 89 38 48 92 80 10 68  4 99 29 50 19  8 60 62 19 45 27
 64 71 60 57 14 32 91 71  1 10 80 13 28  8 98  1 65 92 43 90 74 18 42 81 23
 10 32 80 74 70 41 44 45 86  1 49 35 80 61 14 49 22 17  0 23 55 22 32 11 68
  6 97 95  8  7 97 94 34 26 81  8 23 52 47 30  4 13 86 95 42 82  1  2  4 13
 85 17 85 66 86 12 10 89 53 95 20 52 42 45 46 88 83 74 53 29 96 96 31 29 41
 65 28 32 90 32 83 93  9 48 40 36 81 93 52 89 25 58  9 13 47  9 31 43  0  8
 32 95  9 82 24 45 38 20 68 74 99 66 40 85 29  2 10 18 68 91  4 51 26 24 26
 34 53 54 20 38 17  4 51 23 62 57 20 15 40 54 18 86 95 10 37 89 30 29 89 86
  4 78 18 27 70 46 51  1 35 89 83 47  8 68 18 72 52 62 83 52 41 24 40 23 97
  7 14 88 36 40 50 78 75 40 25 32 16  5 88 76 44  5 81 61 56 76 87 47  8 46
 31  0 64 51 82 74 66 50 82 21 36 77 22 39 76 37  0 78 10 34 85 63 49 15 99
 94 66 62 77 45 17 49  9 99 95 59 77 44 70 22 56 82 61 37 53 36 95 62  5 51
  0 11  1 97 55 44 34 60 16 48 81 53 21 78 14 17 38 31 34 44 48 44 88  4 55
 37 53 81 57 35 89 98 95 58 87 73  9 14 60 71 66 88 80  8 46 81 74  6 68 35
 72 86 40 88 66 73 20 15 39 48 28  0 67 78 60 49 92 56 89 24 35 44 12 68 96
 91 13 93 81 87 74 47 41 63 36 50 99 16 72  0 34 69 48 73  1 79 24  3 25 16
 14 11 88 98 73 27 90 13 98 64 15 10 11 81 89 37 69 22 90 77 96 31 35 93 48
 59 13 62 59 73  8  5 31 61 71  5  2 57 78 20 51  7 92 12  5 20 64 36 93 57
 96 29 57 18 68 82 76 32 18 44 13  1 80 97  6 25 80 98  5 35 68 43 33  0  5
 41 23 97 17 73 67 71 39 51 94 27 76 99 83 69 77 24 99 81  3  4 26  6 60 50
  0 97 20 29 53 99 57  2 13 92 39 56 55 89 75 54 44  8 84 71 18 69 86 94 15
 15 74 15 36 74 82  8 24 99 43 31 68 14 85 99 61 53 44 82 48 87 50 97 42 25
 86 55 68 62 26  3 61 11 81 23 78 97 82 79  9 92 36 67 46  4  6 52 55 91  9
 31 24  5 55 11 76 93 17 51 83 63 80 84 90 23 62 16 73 98 77 32 32 25  1 28
 30 14  0 40  3 47 54  8 53 20 76 63 84 16 38 76 33 70 97 42 63 84 12 24 80
 70 47 11 25 52 36 58 83 97 12]
[69 79 18 33 56 11  6 96 92 82  0 10 12 97 98  5 96 23 16 45 62 33  9 55 24
 28 27 35  1 58 39  7  7 49 27 55 75 42 19 87 70 78 96 24 27 47 70 98 52 50
 62 76 91 78 84 68 37 73 13 15 30 68 37 34 26 91 97 60 39 13 12 91 72 20  9
 48 12 88 89 47 58 98 10 61  7 70 23 38  0 56 76 41 92  1 30 48 92 57  5 77
 39  2 43 37 95 79 96 49 28 89 78 56 72 53 15 85  8 31  7 12  8  1 73 24 37
 90 91 60 10 29 24 11 12 73 92 53 92 51 31 26 15 14 97  5 33 29  9  9 74  3
 10 31  3 21 17 51 66 58  7 88 76 21 34 50  8 69 41 98 48 18 20  5 95 30 11
  1 73 24 82 65 13 30 89  3 56 45  2 13 97 80 26 21 73 56 35 36 94 50 62 41
 29 71 29 30 12 54 68 91 64 14 90  1 60 29 91  9 36 21 27 79 60 59 94 90 33
  0 40 64 50 52 66 27 39  5 95 47 69 96 61 86 73 47 76 47 74 30 24 99 74 37
 26  5 87 26 22 33 92 94 97 79 11 82 61 49 34 73 94 45 36 39 84  6 58 13 45
 94 24 60 65 71 11 33  2 11 51 66 48 80 46 75 72 38  8 98 39 87 19 90 91 66
  4 85  0 63 28 29 43 48 96 63 73 22 64 33 62 64 68 89 67 42 38 93 84 22 33
 84 22  9 30 32 96 80 49 15 39 93 36 64 34 10 55  9 97 76 60 41 53 57 27 52
 63 70 49 18 17 80 85 53 13 62 88 83 32 12 35  6  6 52 81 94 16 98 41 13 46
 58 69  5  3 31 64  4 80 14 75  9  1  7 26 92 85 78 86 24 41 74 96 54 27 45
 54 95 75 67 50 10 61 82 48 71 58 78 23  8 71 24 65  3  2 60  4 40  1 66 16
 82 92 36 82  2  0 92 30 15 74 75 68 72 73 73 74 15 26 87 84 57 75 88 34 43
 59 93 45 79 16 98 83 21 81 28 40 91 67 53 37 53 26 40 33 37  4 42 24 68  1
  1 41 98 58 21 21 18 99 31 63 53 13 40 41 39 86 90 54 53 44 77 39 73 28 13
 93 44 56  2 46 79 46 37  3 53 25 36 91 86  4 47 28 28 12  5  4 31 82 17 99
 85 21 39 99 44 23 42 88 77  5  9 69 51 48 87 37 90 32 82 60 50 89 81 53 64
 81 69 87 98 17 64 52 15 76 85 10 67 53 60 11 75 12 77 74 37  9 45 94 65  3
 74 30  9 21 33 54 89 60 44 38 62 45 70 62 75 96 41  8 44  1 11 35 44 76 71
 14 15 17 17 12 64 32  1 63 94 68 97 36 98 80 94 24 80 48 44  9 50 44  6 40
 60 32 15 39 93 88 48 36 64 86 52 41 31 70 23 44 13 30 18 47 98 13 53 88 28
 54 87 94 58 95 26 23  6 79 68]
[29  1 10 66 93 60 67 61 68 84 30 87 48 80 80 45 62 94 75  2  3 16 41 54 92
 23 81 14 48 85 18 96 59 17 79 21 76 11 81 53 61 46 20 98 28 40 48 84 52 46
 99 84 18 65 49 32 19 29 70 53 71 30  0 51  8 77 81 42 18 58 91 41 89 79 46
 68 94  8 91 75 14 44 28 81 57  0 68 37 29 32 85 32 90 29 51  2 63 97  7 81
 67 74 72 12 11 64 58  1 28 59 39 76 45 65 57 99 57 76 43  9 47 85 19 32 60
 73 52 85 89 14 28 72 73 36 38 62  1 39 12 24 28 80 73  4 46 66 43 84 38 34
 82 67 26 52 80 43 55 58 77 89  7 45  3 90 55  0 66 15 69 95 11 40 39 45  9
 63 83 95 33 14  6 39 66 57 50 55 25  5 30 63 93 47 23 52 42 36 82 86 78 23
  5 61 46 16 51 64 58 36  4 66 28 54 16 66 10 74 86 56 98 63 72 20 96 91 83
 46 28 69 91 93 68 93 68 40 55 75 81 30 81 86 50 84 64 67 76 34 38 48 58 89
 99  5 52 41 35 76 46 93 31 97 11 24 74 99 93 80 80 65 16 88 24  3 91 44 32
 87 90 42 82 66 63 16 15 85 40 68  6 13 60 72 89 77 33 24 74  8 19 15 66 82
 87 17 41 48 84 28 47 87 35 99 44 35 46 51  9 31 40 41 88 61 69 92 88 41 21
  6 83 52 55 32  5 44 85 62 74 67 38 99 18 72 99 43 91 98 77 93 14 90 89 84
 81 23  5 28 70 84 24 32 86 83 34 36 14  5  6 38 28  7 69 86 61 43 19 43 14
 92 10 18 32 49 21  4 80 61 77  4 90 21 31 84 71 43 30 99 17 90 74 17 73  7
 16 96 89 61 93 88  5 91 53 18 84 74 95 16 40 95 62 10 48 23 82 28 26 28 59
 32 79 36 40 43 85 43 72 41 22 86 65 62 64 33 39 88 42 94 98 60 62 92 78 16
 64 18 68 27 65 74 97 32 74  2 80 68 99  2 50 46 66 26 86 23 58 34 91 14 34
 22 84 18 18 91 10 18 47 69  9 18 52 88 42 55 19 63 13 72 70 84 35 60  2 81
 97 82 68 97 73 93 62  0  7 73 98  7 25 71 56 21 21 95 90 91 49 53 47 25 49
 54 69 39  3 93 65 32 71 21 30 54 73 23 38 98 94 80  2 62 79 37 85  3 44 95
 48 22 77 39 32 52 23 93  5 60 13 73 49 63 87  8 37 50 58 15 30 73 44  9 87
 94 36 80 52 49 90 46 17 71 18 77 79 19 55 40 64 56 70 39 87 13 58 20 10 53
 61  7 24 45 21 31 99 47 52 97 89  6 49  5  7 20 20 22 95  8 75 37 80 68 65
 93 55  2 16  5 56 46 27 36 16 93 24 30 82 77 12 78  9 73 43 14 90 58 82 87
 85 27 20 87 28 62 99 35 84  4]
[64  0 24 92 28 17 61 16  2 44  8 76 53 89 64 68 70 80 16 49 83 97 92 12 39
 17 89 91 59 11 25 55 23 99  9 67 82 89 72 74 29 55  3 25 28 22 84  1  3 69
  3 20 94 99 77 65 43 35 96 73 51 17  0 13  4 10 55 30 83 18 23 32 24 96 41
 84 92 89 80 24 21 99 88 83 85  6 66 55 16 29 36 97 96 97 79 21 46 20 69  9
 28 12 67 73  6 31 87 18 24 17 69 56 18 18 95 84 30 56 23  9 18 63 26 20 55
 36 95 17 76  7 98 87 89 66 11 32 96 13 85 41 49 56 34 20 85 17 66  6 49 40
 38 83 82 35 81  4 64 70 93 32 92 63 35 88 20 16 81 64 16  2 26 52  7 99 56
 27 12 81 79 71 63 85 85  1  8 39  7 29 77 38 26 81 96  9 72 24 39 57 20 54
 47 97 53 70 60  4  2 16 56 63 39 47 86  0 60 56 92 88 17 14 76 30 51 65 14
 80 84 50 60 80  7 11 24 35 67 17 39 19 62 32 67 57 42 28 69 13 74 60 64 80
 73  4 49 92 92 10 29 77 95 90  0 95 62 24 11 92 15 81  1 52  5 68 76 16 64
 98 74 61  6  5 44 78 63 97  6  3 20 46 90 88 92 17 75 27 29 57 91 78 29 66
 62 33 84 95 42 43 60 23  8 73  1  9 36 97 19 26 16  8 90  0 73 83 27 64 46
 96 21 71 54 18 57 60  4 20 31 54 12 38 96 65 48 75 11 33  9 96 72 76 32 51
 83 40 54 40 74 69 96 45 99 93 54  4 16 15  4 55 49 24 21 98 96 11 29 86 96
 91 70 91 63 29 17  7  7  5 48 65 17 88 40 24 87 39 68 51 16 49 98 51 96 99
 37 64 67 81 69 48 17  2 65 95 64 94 14 18 40 89 74 53 92 32 77 81 40  2 24
  2 83 40  6 57 83 60  7 89 52  7 83 73 22 38  7 26 96 13  1 62 57 42 16 48
 32 60 37 43 81 26 81 52 57 90 47  7 67 35 37 91 31 83 12 66 17 73 71  9 23
 24 69 12 46 13 16 48 65  7 34 48 22 50 57 68 73  5 83 30 80 71 59  4 46 44
 90 47 27 36 24 41 23 66 58 85 83 80 58 81 36 89  4 50 15 53 55 79 72 46 23
 60 94 14  1 81 92 20 58 65 80 49 59  3 75 60 48 71 67 57  1 56 44 24 46 13
 58 94  8 33 31 56  9 25  1  7 50 66 22 63 26 57 53 62  7  9 14 68 83 74 67
 60 13 63 74 13 17 18 69 27 19 87 39  9 93  5 14 71 55 63 19 93 22  8  4 30
 77 41 67 81 79 81 50 48 93 74  8 15 68  1 16 88 90 10 83 96  7 37 55 54 88
 37 59 62 74 16 81 34 26 42 56 57 93  2 16 39 12 92 48 71 37  4 38 41 57 65
  5 49 75 43 88 95  7 22 18 58]
[12 13 78 77 81 95 77  5 50 25 10  6 19 92 93 32 25 75 27 79 70 23 31 92  4
 83 26 71 66 42 46 49 16 19 15 99 42 49 67 46 94 59 87 70 33 62 63 34 35  4
 89  5 97 57  6 25 32 27 13 62  8 17 52  2 20 76 77 77 26 40 19 69 49 85 87
 77 29 34 36 81 77 53 97  8 23 80 79 71 70 15  3 42 93  0 67 72 35 17 44 28
 32 79 29 66 80 46 21 71  2 81 80 66 68 28 24 53 42 30 82 95 41 52 72  3 19
 43 68 17 99 69 92 94  9 92 60 31 83 67 74 96 53 89 89 92 74 43 20 66 64 75
 57 17 49 21 85 76  2 56 48 80  5 31 22 94 66 77 49 78 78 91 28 30 68 79 74
 11 28 11 51 96 17  3 72 43 54 30 37 68 68 77 24 82 89 23  3 81 73 24 45  0
 77 74 43 81 62 30 94 24 83 54 10 29 80 30 31 79 82 84 51 52 73 89  0 77  7
 45 81 36 43 13 13 60 19  8  9 20 27 33 69 24 91 17 68 13 72 50 99 51  8 37
 61 78 36  0 72 58 95  6 89 92 96 84 16 27 96 19 75 45 30 27 62 13 91 50 78
 85 49 88 75 75  2 75 32 87 41 48 75 57 72 43 34 97 49 93 75 62 47 29 85 84
  4 22 48 27  8 59 35 92 23 22 99 40 35 80 50  7 35 67 95 75 39 81 32 99 25
 29 97 95 38 81 16 32 58 94 92 55 43 73  2 94  0 94 72 47 66 52 50 57 61 31
  6 83 15  2 71 59 41 68 25 95 98 80 33 11 41 45 67  1 55 67 21 71 99 79 75
  7 13 63 96 70 30 59  1 41 50 24 61 95 58 77 96 87 29 40 76 98 54 99 25 50
 47 14 46 60 19 47 92 34 88 63 83 48 39 48 97 58  4 47 75 91 54 67  1 77 98
 17 84 38 51 44 72 66 19  8 93 47  6 51 60 22  8  8 50 32 79 77 59 18 37 71
 94 40 60 61 97 81 44  0 37 35  9 23 99 26 38 34 47 39 52 31  5 96 31 87 38
 54 54 68 75 14 62 68  4  8  5  9 82 47 39 37 66 88 73 36  8 47 89 51 69  4
 33 12 45 22  8 64  3 63 79 90 73 19 11 43 35 80 32 67 29 50 62 95 36 74 91
 15 40 36 10 59 72 77 85 52 59 69 53 81 91 57 88 74  9 65 37 60 16 97 85 21
 84 51 17 34 56 57 67 31  5 88 82 67 52 39 78 87 74 17 14 95 72 34 14 80 99
 78 48  8  8 29 48 57 29 10 67 52 31  3 24 23 96 49 31 52 13 23 51 49 99 35
 59 48 20 61 34 63 51 97 83 56 89 14  2 35 15 18 20 33 12 14 29 74 88 11 89
 98  4 77 30  1 62 34 26 86 19 23 48 72 56 57 90 45 21  2 28 26 11 79 30 25
 18 88 16 14 83 97 46 82 94 10]
[13 73 59 22 62 53 40 83 42 80 86 87 22 63 19 25 14 56 27  3 53 84 57 15 18
 55 48 71 69 60 98  3 76  0 53 19  3 37 79  5 52  5 55 66 49 73 28 33 91 97
 85 29 49 46 70 81 33 66 71 54  7  2 37  7 29 73 75 23 72 90  1 22 23 79 83
 14 54 18 39  9  7 69 56 41 11 23 84 22 79  7 41 65 18 83 32 73 25 74  6 47
 77 25 88 20 64 90  8 98  8  4 35 53 24 66 78  6 78 56 65 58  2  1 50 33 34
 59 91  2 46  0  6 39 71  5 71 15 47 49 12 87 93  6 15 73  7 26 28 62 32 22
 80 80 15 88 14 60 22 73  5 40 35 58 22 63 56 46 46 19 56 84 40 93 80 14 64
 99 87 14 74 48 90 31  6 19  5 72 78 32 15 28 90 72 42  8 67 22 83  9 15  1
 36 95 10  3 50  1 57 37 65 69  4 68 62 22 48 53 87  2 43 92  4 16 72 99 56
 47 23 36 70 39 11 55 74 71 61  7 76 79 90 55 72 37 48 68 77 29 42 28 14 36
 87 21 91 45 87 74 98 25 95  4 65 62 77 23 42 84 26 88  6 10 96 27 42 85 13
 85 63 96 49 54 24 28 38 83 13 77 83 94 17 12 29 22 41 66 65 84 41 96 95 28
 99 18 79 36  7 31 94 12  7 97 12 84 43 86 69 24 43 97 48 97 17 87 34 54 55
 57 10 64 45 34  2 16 77 38 79 84 52 44 59 88 77 54 60 13 45 89 87 47 86 72
 51  6 21 89 54 45  5 49 13 54 77 40 33 94 54 47 78 38 60 62 57 17 46 42 80
 55 61 43  0 92 97 21  4 76 39  3 52  1 25 44 49 28 14 28 37 47 46 49 19 26
 72 71 54 71 72 88 15 12 79  9 95 95  3 52 98 49 52 76 72  3 40 24 79 48 19
 88 21 88 51  8 98 18 53 41  0 89  7 69  1 66  9 15 27 49 20 26 61 89  9 43
 60 93 17  0 15 11  3 17 87 76 26 43 90  4 78 35 44 48 85 42 25 57  8 92 68
 24 13 66 11 49 60  7 49 46 16 29 63 19 12 56 61 12 46 65 50 26 70 92 24 76
 76 42 58 47 40 25 54 86  6 59 86  0 97 10 29 45 67 46  9 93 53 62 30 61 21
 30 89 46 93 27 32 21 50 17 69 29 38 55 19 40  5 75  9  1 75 28 21 16 41 82
 95 86  9 52 77 31  4  5 18 37 91 44 43 54 98 31 18 32 96 79 88  4 30 42 25
 98 24 85 72 92 28 22 22 85 85 42 14 23 62 33 84 47 78  8 85 59 93 48 82 30
 17 64 53 83 51 94 92 77 73 15 63 84 66 88 24 46 55 69 78 23  1 50 30 34 71
 56 42 88  2 12 97 12 90  0 49 60  1 17 95 24 16 20 75 74  5 27 66  6 16 65
 52  5 35 21 36 92 90 98 37 72]
[63 42 55 94 69 10 12 66 61 12 91 90 39 63 79 85 35 40 42 61 25 63 95 49 87
 24 72 29 60 60 93 69  4 68 26 14 18 57 91 14 36  0 16 72 62  7 52 55 97 27
 44 49 95 63 29 67 45 80 49 41 75 25 26 58 35  9 18 43 26 77 93 35 88 89  3
 45 94 18 59 10 59 37 30  2 23 88 47 70 72 56  0 91 93 46 27 26 26  4 12  4
 20 67 46 93 27 57  8 88 23 13  5 22  8 76 62 79 72 43 30 60 90 47 14 35 26
 65 10 14 39 78 94 71 14 92 59 21 44 76 58  7 53 34  5 55  1 93 99 54 64 83
 67 73 14 71 58 80 90 76 49 11 32 98 14 81 61 79 55 43 42 53 88 46 95 35 68
 70  2 44 17 83 21 14 31 69 86 87 77 21 61 31 95 95 42 74  2 83 39 33 66 61
  9 80 43 22 29 11 28 41 85 28 10  9 20 15 53 29 21 10 73 18 53 79 79 25 73
  1  5 22  4 64 63  8 89 30 90 85 41 45 88 43  7 65 79 66 58 13 19 39 49 72
 21 44 63 90 14 49 88  1 68 89 86 73  4 69 58 37 63 66  8 16 52 92 67 93 59
 10 60 50 62 80 25 11  1 30 82 39 17 15 22 73 33 20 51  6 39 63 18 25 50 57
  9 76 26  1 30 16 57 51 92 11 46 23 47 15  8  5  6 23 17 72 23 33 88 97 82
 35 34 35 88 14  1 59  0 67 77 77 22 63 66 66 52 49 58 49 45 89 87 83 27 15
 24 62 92 79 58 41 28 23 30 54  0 38 80 22 10 70  8  1 55 72 99 95 61 27 53
  0  2 60 69 80 44 42 49 14  4  8 51 63 98 56 59 11  2 24 66 45 60 52 69 14
 90 85 60 36 16  5 60  5 45  1 30 55  8 82 77 78 96 89 27 45 81  7 74 76 87
 29  2 86  0 19 20 61 90 56 86 59 16 36 41 31 90 91 90  5 51  1 65 93 19 35
 59 80 69 33 13 82 17 37 17 93 11 37 11  5 44 91 29 88 34 90 44 96 76 43 90
 81 81 26 64 89 16 94 97 21 88  1 26 88 21 57  6 36 42 96  0 21 72 63 34 71
 55 73 34 85 60  2 87 70 62 28 14 85 84 42 83 35 18 19 52 34 85 46 91 79 57
 66 59 71 19 20 72 11 21 76 29 58 61 91 64 89 95 81 35 38  1 42 64 86 58 95
 70 68 10 59 71  1 63 88  1 84 43 98 48 41 41 71 61 22 19 29 65 89  6 90 83
 38 25 59 81 78 55 40 10 41 72 19 13 28 59 83 41 77 74 34 86 40 77 54  2 76
 23 55 95 84  9 49 56 71 18 88 61 83 64 50 76 99  8 53 79  0 62 10 58 70 11
 71 64 52 42 92 90 29 23 52 70 22 48 19  8  8  6 15 66 45 56 50 57 60 73 75
 22 80 73 83 35 89 95 44 84 96]
[80  2 29 68 35 23 89 78 66 20 23 99 15 88 60 36 62  7 69 81 45 68 17 67 85
 77 94 90 21 89 20 81 79 83 73 50 10 54 91 59 45 16  0 16  0 34 75 95 95 90
  8 21 29 62 95 63 24 70 18 85 48 26 49 77 63 34  4 77 45 27 62 11 53 65 50
 15 12  3 25 27  9 75 59 62 26  1 71 80 16  8 25 47 99 35 14 19 47 48 36 83
 89 53 50 28 25 69 99 78  8 87 16 62 17 13 33 70 88 84 18 91 20 90 36 62 10
 30 20 33 33 36 68  4 36 80  3 67 46 84  0 78 84 43 21 52 33 82 33 87 69 26
  9 47 89 90 22 57 16 61 24 50 67 32 50 12 86 41 62 79 75 69 92 87  7 46  0
 96 34 64 75 76 31  4 36  2 24 60 77 72 85 65 69 79 24 13 51 40 40 61 76 48
 27  3 22 18 26 67 57 88 37 29 82 46 59  4 78 82 94 57 53 62 78 45 19 70 97
 29  2 88  9 84 63 86  8 58 23 49 37  2 48 46  5 67 18 92 99 49 40 87 81 36
 87 10 18 48 75 76 48 32  3 32 35 45 22  8 67 15 49  0 78 93 83 76 90 80 68
 54 79 45 79 42 29 30 37 73 43 89 78 98 44 92 31 33 79  9 17 42 86  3 77 14
 48 48  0 71 87 66 71 96 95 41 87 37 78 41 98 73 86 14 54  6  1 56 66 57 26
 47 30 70 73 12 54 68 27 76 14 59 90 57 49 85 75 11 24 43 31 94 88 70 12 66
 65  6 57 20 28 38 11 33 36 21 30  6  2 11 49 87  8 26 11 76 27 58  8 27 98
 72 21 97 42 49 99 66 22 99 84 99 88 72 88 50 20 51  5 63 58 52 96 77  1 41
  9 12 32 55 49 88 21  2 12 16 63 45  6 33 22  3 39 70 71 63 45 43 60 47  7
 12 60 53 36 56 42 43 21 86 47 28 20 14 62 36 52 57 65 43 98 35 70  3 19 43
  3 75 30 33 45  6 79 69 68 83 85 88 32  3  0 13 39 99 65 27 62 23 18 41 96
 58 33 40 53 41 87 17 31 58 71  6 47 35 35 80 23  9 64 18  4 64 41 72 80 64
 84 75 60 46 28 26 19 37  9 94 74 23 25 82 78 60 45 27  9 33 18 17 28 79 26
 90 42 58 47 47 98 51 66 26 20 80 47 29 78 25 25 47 63 20 75 59 69 78  5 49
 73 89 21 38 33  9 30 62 55 91 98 29 56 61 90 56 68  0 12 85 94 35 85 87 18
 13 58 48 92 86  8  4 79 99 37 29 32 11 95 36 62 82 57 50 34  2 56 25 14 43
 36 80  1 65 81 69 26 37 94 29  4  8  8 54 23 37 44 18 77 27 99 12 49 73 79
 24  3 16 26 56 68 15 17 23 30 16 55 10 97 93 11 92 46 76  6  0  8 44 88 26
 54 15 18  9  5  0 24 83 46 21]
[37  2 52 55 57 91 62 72 71 88 66 58 58 95 14 84 25 79 48 93 92 41 66  9 28
 68 96 47 11 22 33 36 72 88 68 26  3 20 65 58  0  3 52 75 31 98 87 97 32 90
 66 14 12 21 28 83 18 29 72 83  2 80  0  3 70 24 70 96 23 77 27 98 89 15 83
 79 18 87 40 14 34 74 73 28 89 35 18 73 15 77 13 10 77 79 42 25 43 60 24 82
 58  9 16 84 55 76 95 78 28 31 31 96 92 42 90 25 67  7 83 13 18 68  5 69 89
 16 22 68 91 87 81 31 96 97 41 16 37 89 89 36 54 30 10 11 18 95 74 90 11 88
 32 80 82 32 80 79 61 88 20 53 16 49 57 32  6 88 37 57 42  6 23 21 93 74 51
 22 62 41 61 58 83 46 53 61 44 51 95 30 32  5 63  0 92 99 15 15 76 32  4 32
 38 54 76 23 69 14 24 34 15 44 72 76 17 36 36 35 65 80 45 41 76 74 73 92 44
 32 23 69 54 53 20 95 60 16 22 33 51 74  0 51 45 58 71 31 32 77 14 54 55 96
 87 10 67 48 35 94  0 73 37  8 25 59 26  6 61 84 19 45 83 42 16 71 89 22 29
 20 38 77 57 83 96 73 17 29 79 50  5 14 73 89 30 49 78 78 88 71 75 78 64 37
 35  3 44 78 54  4 57 26 73 93 36 85 62 11 96 84 79 30 56 63 81  4 23 78 14
 83 96 67 96 58 39 20 65 35 60 12 62 63 29 22 62 43 44 96 38 25 13 75 52 92
 89 89 21 32 13 97 42 50 39 57 20 93 42 25 59 92  3 66 98 12 70 62 31 15 70
 46  5 68 44 23 70 41 99  3 66 56 19 63 33 39 34 60 47 66 86 60 46 38 83 34
 70 89 98 26 89 23 72 11 67 92 31 24 26 49 99 95 56  2  7 26 72 25  4 86 36
 59 13 82  0 21 73 29 67 52 28 85 22 26 48  4 27 70 20 21  0  3 33 21 66  2
 89  9 30 64 92 44 69 39 41 77 30 22 87 39 42 69 43 95 69 16 88 62 59 14 86
 65 96 16 55 44 42 20 59 68 67 44 74 59  8 35 47 87 39 19 67 95 14 82 78 79
 14 82  7 32 51 88 62 21 98 91 92 59 37 44 59  6 86 54 87  3  0 67 52 28 69
 51 70 41 21 13 80 44 90 79 64 53  1 59  3 46 40 96 31 44 48 76 92  4 86 30
 91 35 71 51 13 93 68 43  1 60 60 23 75  6 96 16 91 34 17 74 42 35 74 18 39
  1  0 14 62 40 50  0 91 26 32 14 41 19 17 34 97 22 27 86  9 57 32 66 45 87
  5 13 52 13 53 59 76  9 24 45 70 84 33 16  0 22  2 55 64 48 46 48 31 88 71
 53  2  3 45 39 52 76 69 13 31 73 47 32 51 14 46 11 98 75 33 21 32 85 68 96
 10 58 71 58 89 41 76 30 67 49]
[ 9 31 45  0  5 60 70  4 44 87 12 92 54 53 41 10 35 34  9 68 19 89 44 62 59
  1 59  3 91 17 80 68 70  0 45 93 19 45 63 27 31 70 44 77 87 27 36  5 37 17
 22 61 74 44 19 71 34 62  2 27 10 75 11 27 66 51 49  7 13 91 52 11 98 14 23
 88 47 22 69 56 11 32 92  4 70  4 94 77 16  2 16 77 14 78  3 17 38 87 79 91
 46 25 35 84 96 99 45  1 24 45 16 20 25 73 18 63 19 49 27  5 76  4 50 35 71
 51 97 53 32 20 75 72 84 92 89 41 83 20 86 83 25 46 74 49 34 20 42 73  4 31
 35 91 37 68  1 66 92 76 79 24 22 46 82 56 69 82 48 66 68 69 70 52 67 30 38
 91 12  6 57 34 57 96 64 20 29  2 32  7 43 68 74 65 62 41 89 66 61 29 77 66
 94 92 87 34 19  8 24  4 65 34 77 75 13 78 14 36 19 88  6 83 55  0 47 97 53
 32  2 30  8 13 22 80 74 50 86 38 13  9 70 95 69  2 98 51 66 23 33 68 23 61
 11 52 72 72 57 58 76 90  9 25 10 80 25 87 80 68 47 73 10 44 24 44 83 22 46
 63 20 91 51 65  8 68 35  7 40 78  2 12 55 63  2 24 13 38 94  7 69 73 25 41
 50 29 37  7 69 22 57 49 82 81 81 10 23 51  4 95 20 94 67 61 22  9 17 88 43
 84 11 47 68  8 48 57 25 31 50 15  5 75 58 68 34 28 62 32  0 98 12 94 73 59
 47 11 11 88 22 10 36 68 57 63  0 43 21 67 42 87  9 31 22 20 27 52 55 69 57
 95 70 38 98 95 38 71 23 58 74 57 45 70 70 31  4  4 41 89 40 19 88 79 94 98
 70 78 93 68 54 24 13 77 47 52 46 87 42 71 28 16 81 37 63 25 34 43 54 11 84
 25 74 10 56 18 14 91 98 66 16  1 89 93 64 46 28 79 64 97 54 49  3 10 12 48
 48 24 30 48 12  8 14 54 80 70 59 65 40 75 59 21 80 82 37 70 98 37 54 56 44
 64 68 96 84  7 75 95 85 29 88 88 32 86 59 98 14 75 74 65 21 32 11 16 58  4
 28 69 23 64 94 41 41 16 88 22  3 46 71 26 12 28 99 19 38 63 36 39 16 37  5
 54 90 49  2 71 90 91 79 77 16 35 95 63 78 54  4 34 93 43 56 87 57 74 91 63
 69 14 68 98 79 55  4 52  6 88  2 75 63 17  3 85 70 51 67 70  1 28 75 24 19
 31 23 10 13 77 42 89 57  0 93 69  3 86 32 36 18 99 92 54  8 94 53  4  0 37
 35 19  1 84 65 46 69 41 27 66 41 99 88 92 48 45 28 86 76 17 26 77  1 85 54
  1 80 13 81 84 89 96 25 53  0 80 55 66 64 64 86 37 57 79 25 42 39 42  8 38
 67  6 55 83 78 48 51 73 30 62]
[ 4 21 50 97 60 16 39 73 21 39 65 66 67 37  7 50 82 17 99 10 56  6 67 12 71
 43 60 52 29 94 28 71 88 52 10 83  7 95 76 11 79 55 12 28 53 95 45 61 54 37
 71 29 94 45 20 52 26 52 72 68 27 41 53 72 31 52 11 31 28 33 22 30 30 44 14
 53 97 15  8 64 78 81 57 38 37 60 43 80  9 48 42 55 30  0 25 57 76 46 55  7
 82 17 36 44 33 76 79 23 48 34 76 62 49 96  6 45 74 12 36 14 72 11 95 37 74
 87 50  9 42 35 62 92 40 21  4 67 55 60 77 20 96 34 75  8 74 16 10 60 27 26
 97 79 16 41 57 12 70 75 92 55 20 10 83 12 56 67 52 94 32 94 31 94  8 55 23
 70 11 53 83 14 55 41 51 88 17 50 51 27 47 62 18 63 79 47 32  5  7 33 58 40
 68 65 32 54 67 97 29 45 75 82 84 36 32  2 74 71  9 25 81 93 72 75 75  2 61
 89 58 74 32 45 46 84  8 22 76 42 75 35 32 26 63 54  1 61  2 73 47 40 83 28
 63 75 37 39 70 74 80 16  7 23 70 70  8 60 78 11 65  2 52 77  4 94 77 19 74
 74 88 16 94 51  1 11 31  9 37 75 86 98 11 89 93 89 92 16 49 36 65 65 13 20
 15 20 81 60 19 74 49 69 12 62 28 67 35 28 12 35 33 61 41 62 72 68 36 45 76
 63 75 35 81 99 42 40 62 71 24  2 68  7 67 62 82 93 92 69 86 32 96 43  7 22
  2 93 82 63 33 19 31 73 13 82 97 86 70 61 24 93  1 29 88 62 45 43 83 29 32
 62 55 14 74 65 80 59 86  8 56 89 99 47 33 45  6 79 12 95 61 40 58 73 65 53
  8 41 79 75 30 81  5 69 66  2 46 87 13 29 11 11 23 94 59  2 82 61 65 79 48
 31 39 41 38 97 94 73 76  5 73 12 29  2 10 64 57 49 85  2 95 35 91 34 11 11
  8 80 13 53 39 24 38 27 99 37 38 57  5 72 59 17 50 97 99 53 39 57 86 84 27
 70 97 37 62 86 83 72 96 53 94 78 22 46 98 14 34 47  8 19  1 77 76 92 93  5
 82 88 63 49 65 96 68 87 40 74 98  2 81 21 26 22 41 25 47 44 89 48 94 65 80
 83 51 73 91 23  9 83 64 60 88 83  1 96 66 19 56 47 95 32 32 46 33 87  8 97
 23  9  2 55 42 83 92 26 73  8 51 48 70 57 95 97  5 73 21 17 39 65 20 33  1
 95 75 95 69 41 89  2 29 45 56 23  4 18 19 30 74  1 65 61 44 88 94 72 33 92
 22 27 67 64 86 96 20 38 98  7 33 68 73 96 59 32 73 62 57 48 70 77 91  9 83
  4 68 70 57  1 71 18 88 66 97 57 58 65 15 86 43 96 96 77 54 44 34 33 89 85
 40 65 80 65  5 26 38 74 24 87]
[24 32 14 35 40 34 28 54 78 66 42  8 23 33 43 50 45 68 46 63 76 61 27 88 69
  5 35 26 10 99 17 38 89 24 16 57 62 93 44 58 79  8 74  2  7 63 10 88  1 83
  7 99 95  6 46 78 95 98 55 89 86 46 26 38 52 40 83 92 77 90 94  1 81 29 55
 94 98 97 16 83 43 20 77 57 20 46 71 40 91  2 59 96  4 75 86 87 45 25 30 86
 77 57 49 57 29 28  6 92 57 51  1 36 97 27 11 30 35 28 12 47 64 45 80 10 83
 77  8 44 22  1 31 84 74 95 30  9 75 90 11 54 35 76 17 32  2 93 74 63 75  0
 31 62 64 55 91 35 42 37 78 58 10 15 71 52 64 24 85 54 73 96 97 94 55  0 22
 99  1 22 93  1 97 25 48 43 84 64 69 74 33 28 73 83 54 52 99 98 69 17 53 28
 45 95 74 23 76 32 67  0 43  8 72 76  1 21 10 17 75 16 25 28 50 32 84  4 76
 94 68 45 18 27 72 63 65 66 38 92 95 52  0 91 38 35 85 16 16 53 21  7 39 74
 45 71 22  3 63 97 31 41 99 69 85 85 14 32 46 55 31 27 88 92 20 71 85 18 63
 50 92 60 26 93 54 15 57 16 59 57 69 21 78 46 49 55 57 51 48 45 84  5 32  9
 23  9 80 29 36 47 49 24 48 97 42 33 53  2 75  0 28 26 27 79  0 47 52 85 65
  7 91 44 45 52 28 93  5 94 90 33 28 87 94 23 60 60 21 15 96 44 59 35  4 58
 45 72 21 85 76 91 94 75 50 55 37 87 25 14 68 34 14 14 83 65 40 72 61 75 71
 81 59 24 80 97 38 38 38 71 66 53 31 77 93 98 14 85 98 89 87 82  1 98 73 25
 18 77 24 98 16 35 73 36 22  3 68 70 73  5 65 93 48 94 22 45 33 52 93 58 52
  7 28  8 41 19 29 84  1 43  2 18 95 18 43 26 44 36 89  1  0 26 43 79 99  8
 74 77 34 89 48 68 47 49 33 15 73 96 71 99 65 62 53 55 59 12 85 53 57 31 64
  4  5 99 84 13  3 86 58 43 40 85 58 90 18 97 55 48 89  8 32 41 49 82 66 53
 11 86 90 75  1 69 63 60 15 11 84 81  9 63  8 73 34  6  5 21 48 21 35 55 43
  9 30 61 68 23 18 20 24 64 47 81 33  7 44 64 18 72 38 25 32 60 39 73  8 13
 89  4 53 52 41 47 85 18  8 51 11 60 94 95 81 52  1 80 86 10 67 63 20 57 38
 53  6 63  2 41 26  4 41 83 45 38 34 45  3 20 12 19 57  7 43 57 52 26 50 45
 50 24 85  0 80 78 83 40 57 38 98 38 21 55 69 64 70 13 74 27 79 77 74 72 22
 35 59  0 16  7 25  4 43 91 76 54 93  8 85 17 23  3 52 47 54 25 45  3 49 84
 78 87 44 79 35 49 90 22 25 32]
